SWAN   1                                Swan standard spectral file, version
$   Data produced by SWAN version 41.45A              
$   Project: F32har01        ;  run number: F32 
LOCATIONS                               locations in x-y-space
     8                                  number of locations
     6960.2002    11691.1006
     9920.0000     9964.8008
    11386.0000     9218.7002
    11659.5996    10718.7002
    14624.2002    10218.3008
    14100.5000     8475.7002
    13639.7002     7245.5000
    20392.9004     8179.1001
AFREQ                                   absolute frequencies in Hz
    32                                  number of frequencies
    0.0521
    0.0573
    0.0630
    0.0693
    0.0763
    0.0839
    0.0923
    0.1015
    0.1117
    0.1228
    0.1351
    0.1486
    0.1635
    0.1799
    0.1978
    0.2176
    0.2394
    0.2633
    0.2897
    0.3186
    0.3505
    0.3855
    0.4241
    0.4665
    0.5132
    0.5645
    0.6209
    0.6830
    0.7513
    0.8264
    0.9091
    1.0000
QUANT
     3                                  number of quantities in table
VaDens                                  variance densities in m2/Hz
m2/Hz                                   unit
   -0.9900E+02                          exception value
CDIR                                    average Cartesian direction in degr
degr                                    unit
   -0.9990E+03                          exception value
DSPRDEGR                                directional spreading                   
degr                                    unit
   -0.9000E+01                          exception value
LOCATION     1
  0.2959E-01    9.8   31.6
  0.1715E-01    9.8   31.6
  0.1840E-01    9.8   31.6
  0.2630E-01    9.8   31.6
  0.5621E-01    9.8   31.6
  0.1290E+00    9.8   31.7
  0.4611E+00    9.8   31.7
  0.2235E+01    9.8   31.6
  0.8903E+01    9.8   31.6
  0.1469E+02    9.8   31.6
  0.7440E+01    9.8   31.6
  0.4887E+01    9.8   31.6
  0.2745E+01    9.8   31.6
  0.1990E+01    9.8   31.6
  0.1869E+01    9.8   31.7
  0.9071E+00    9.9   31.8
  0.5106E+00   10.2   32.2
  0.4630E+00   10.2   32.2
  0.2757E+00   10.6   32.7
  0.1916E+00   11.0   33.2
  0.1029E+00   11.8   34.3
  0.7204E-01   12.0   34.6
  0.3165E-01   14.8   37.7
  0.2367E-01   13.7   36.7
  0.4426E-02   21.4   43.4
  0.4341E-03  107.1   22.4
  0.2681E-03  107.5   23.8
  0.1400E-03  108.1   27.5
  0.7521E-04  108.7   28.8
  0.4207E-04  109.9   29.5
  0.2628E-04  111.3   30.9
  0.1527E-04  111.2   34.7
LOCATION     2
  0.2661E-01    2.0   24.8
  0.1537E-01    2.1   24.9
  0.1643E-01    2.2   24.9
  0.2341E-01    2.3   25.0
  0.5006E-01    2.4   25.1
  0.1197E+00    2.7   25.8
  0.4408E+00    3.0   26.1
  0.1998E+01    3.1   25.4
  0.8006E+01    3.4   25.6
  0.1265E+02    3.6   25.7
  0.6536E+01    4.1   26.0
  0.4156E+01    4.6   26.8
  0.2189E+01    5.2   27.7
  0.1734E+01    6.0   28.9
  0.1405E+01    6.2   31.2
  0.1062E+01    8.5   32.9
  0.8638E+00    8.9   34.9
  0.5523E+00    9.3   37.2
  0.3805E+00    8.8   40.3
  0.2674E+00    7.8   43.4
  0.2022E+00    7.7   43.8
  0.1353E+00    8.8   45.0
  0.8740E-01    8.6   46.5
  0.5815E-01    9.2   48.5
  0.4126E-01    8.8   48.8
  0.2760E-01    7.3   48.4
  0.1846E-01    7.4   49.3
  0.1219E-01    8.4   49.7
  0.8485E-02    9.6   49.6
  0.5782E-02    7.9   49.0
  0.3904E-02    7.8   48.9
  0.2565E-02    7.0   49.3
LOCATION     3
  0.2724E-01  358.9   18.1
  0.1772E-01  359.2   18.0
  0.1787E-01  359.2   18.2
  0.2352E-01  359.2   18.3
  0.4467E-01  359.1   18.7
  0.1035E+00  359.2   20.2
  0.3696E+00  359.4   20.5
  0.1534E+01  359.5   19.3
  0.5903E+01  359.7   19.4
  0.8647E+01  359.9   19.6
  0.4317E+01    0.3   20.0
  0.2449E+01    0.5   20.9
  0.1177E+01    0.8   22.0
  0.9347E+00    1.3   23.4
  0.7131E+00    1.2   25.3
  0.5279E+00    1.6   26.7
  0.3858E+00    1.0   28.6
  0.2518E+00    0.8   30.6
  0.1698E+00    0.6   32.8
  0.1170E+00    0.6   34.7
  0.8403E-01    1.0   36.2
  0.6078E-01    1.8   37.8
  0.4364E-01    2.9   39.1
  0.3100E-01    4.0   40.7
  0.2225E-01    4.9   42.3
  0.1606E-01    5.8   43.7
  0.1148E-01    7.2   44.8
  0.8211E-02    8.2   46.2
  0.5753E-02    7.1   47.9
  0.4033E-02    7.0   49.5
  0.2819E-02    9.1   49.9
  0.1944E-02   10.3   50.4
LOCATION     4
  0.2704E-01    0.5   17.4
  0.1767E-01    0.8   17.3
  0.1777E-01    0.8   17.5
  0.2329E-01    0.7   17.7
  0.4402E-01    0.6   18.1
  0.1020E+00    0.7   19.7
  0.3634E+00    0.8   20.0
  0.1496E+01    0.9   18.7
  0.5738E+01    1.2   18.8
  0.8377E+01    1.3   19.0
  0.4178E+01    1.7   19.4
  0.2368E+01    1.9   20.4
  0.1140E+01    2.2   21.6
  0.9097E+00    2.6   23.2
  0.6921E+00    2.6   25.2
  0.5163E+00    3.2   26.6
  0.3749E+00    2.7   28.4
  0.2447E+00    2.8   30.4
  0.1646E+00    2.8   32.6
  0.1140E+00    3.2   34.4
  0.8241E-01    3.7   35.9
  0.5959E-01    4.5   37.5
  0.4297E-01    5.4   39.0
  0.3081E-01    6.2   40.4
  0.2217E-01    6.8   41.8
  0.1591E-01    7.3   43.5
  0.1160E-01    8.3   45.0
  0.8376E-02    9.1   46.2
  0.5676E-02    8.5   47.6
  0.3905E-02    9.8   49.4
  0.2761E-02   10.3   50.0
  0.1934E-02   10.2   51.0
LOCATION     5
  0.2108E-02   78.7   46.5
  0.2060E-02   78.0   46.7
  0.1911E-02   77.5   47.0
  0.2101E-02   77.3   46.9
  0.2344E-02   77.7   46.8
  0.2886E-02   78.8   45.6
  0.5554E-02   81.5   42.8
  0.1633E-01   83.8   41.5
  0.5488E-01   84.2   41.4
  0.8248E-01   83.2   42.2
  0.3833E-01   83.1   40.8
  0.2225E-01   82.3   41.0
  0.1086E-01   80.9   41.0
  0.8073E-02   80.2   40.0
  0.7080E-02   79.0   39.8
  0.7196E-02   75.7   39.7
  0.1249E-01   69.7   42.0
  0.1140E-01   66.9   42.9
  0.1030E-01   68.1   41.8
  0.1163E-01   66.4   41.5
  0.1909E-01   53.7   44.9
  0.3580E-01   30.8   47.0
  0.5281E-01   14.8   43.8
  0.5749E-01    5.5   36.3
  0.4040E-01    5.8   33.0
  0.2291E-01    8.9   36.4
  0.1422E-01    9.5   38.7
  0.1015E-01    9.1   39.4
  0.7515E-02    9.1   40.3
  0.5681E-02    8.7   41.0
  0.3926E-02    8.1   41.5
  0.2603E-02    8.7   42.1
LOCATION     6
  0.1814E-01  358.9   31.0
  0.1667E-01  359.4   31.2
  0.1530E-01  359.4   31.2
  0.1698E-01  359.4   31.2
  0.2024E-01  359.4   31.2
  0.2895E-01  359.2   31.4
  0.7109E-01  358.9   31.4
  0.2479E+00  358.4   30.5
  0.8703E+00  358.7   30.4
  0.1212E+01  359.5   30.6
  0.5921E+00  359.7   30.4
  0.3278E+00    0.8   30.9
  0.1506E+00    2.2   31.6
  0.1109E+00    4.4   33.1
  0.8993E-01    6.8   34.0
  0.9105E-01    2.9   30.7
  0.1473E+00  360.0   26.4
  0.1202E+00    1.8   27.0
  0.9075E-01    5.4   29.1
  0.7218E-01    7.9   30.3
  0.6889E-01    9.6   30.5
  0.5998E-01   12.5   32.3
  0.4684E-01   14.5   34.8
  0.3368E-01   14.8   37.6
  0.2533E-01   13.2   40.2
  0.1907E-01   12.9   43.0
  0.1334E-01   12.0   45.0
  0.9341E-02   10.0   46.4
  0.6805E-02    9.2   47.9
  0.4741E-02    8.7   48.8
  0.3323E-02    9.4   49.4
  0.2240E-02    8.9   50.1
LOCATION     7
  0.3016E-01    8.1   19.9
  0.2752E-01    8.2   19.8
  0.2512E-01    8.2   20.0
  0.2780E-01    8.2   20.1
  0.3308E-01    8.3   20.5
  0.4805E-01    8.6   21.9
  0.1195E+00    8.9   22.9
  0.4136E+00    8.7   22.0
  0.1448E+01    8.9   22.1
  0.2000E+01    9.2   22.1
  0.9709E+00    9.5   22.3
  0.5305E+00   10.0   22.8
  0.2389E+00   10.6   23.6
  0.1790E+00   12.3   25.6
  0.1425E+00   13.3   26.7
  0.1458E+00   11.2   25.1
  0.2235E+00    8.4   22.5
  0.1745E+00    9.4   23.5
  0.1288E+00   12.1   25.8
  0.9527E-01   14.6   28.0
  0.8147E-01   16.2   30.4
  0.6735E-01   16.6   33.7
  0.5279E-01   16.0   36.8
  0.3773E-01   17.5   40.5
  0.2638E-01   17.2   43.4
  0.1882E-01   14.0   46.0
  0.1378E-01   12.2   48.1
  0.9765E-02   12.8   49.3
  0.6866E-02   13.1   50.9
  0.4661E-02   11.6   51.4
  0.3224E-02   10.8   52.8
  0.2278E-02   12.6   53.7
LOCATION     8
  0.1327E-02    5.1   17.8
  0.1265E-02    4.9   17.9
  0.1179E-02    4.8   18.0
  0.1331E-02    4.8   17.9
  0.1592E-02    5.1   17.6
  0.2179E-02    5.5   17.2
  0.5082E-02    6.3   16.3
  0.1841E-01    7.0   15.6
  0.6813E-01    7.1   15.4
  0.1056E+00    6.9   15.6
  0.5489E-01    7.1   15.2
  0.3446E-01    7.1   15.2
  0.1828E-01    6.9   15.2
  0.1545E-01    6.8   15.3
  0.1803E-01    6.2   16.3
  0.3201E-01    4.7   17.8
  0.8748E-01    2.8   18.2
  0.1525E+00    0.6   18.9
  0.2148E+00  358.6   19.4
  0.2196E+00  355.3   20.7
  0.1552E+00  355.4   22.0
  0.9513E-01  355.2   25.4
  0.6098E-01  356.1   29.6
  0.4713E-01  358.1   32.9
  0.3672E-01    0.1   35.2
  0.2584E-01    2.2   37.4
  0.1763E-01    4.7   39.5
  0.1227E-01    5.7   41.3
  0.8469E-02    6.1   42.1
  0.5745E-02    7.0   42.9
  0.3960E-02    8.3   44.0
  0.2747E-02    8.8   44.7
